#nodos de la red - 1000 es el nodo origen
set Nodos:= 1000 1 2 3 4 5 6 7 8 9 10 11 12 13 14 15 16;

#predios productores
set I:= 1 2 3 4 5 6 7 8 9 10 11 12 13 14 15 16;

#camiones disponibles
set K:= 1 2 3;

#capacidades de camiones
param Q:=
1 30000
2 30000
3 30000
;

#demanda por tipo de leche
param D:=
57859
0
5974
;

#ingreso por tipo de leche
param V:=
0.015
0.0105
0.0045
;

#cotas de tipo de leche
param U:=
5
10
300
;

#produccion de cada predio
param qu :=
1000 0
1 3390 1 4
2 5974 3 15
3 1798 1 4
4 5568 1 4
5 303 1 4
6 7229 1 4
7 2615 1 4
8 10000 1 4
9 3741 1 4
10 5038 1 4
11 5216 1 4
12 3689 1 4
13 542 1 4
14 418 1 4
15 5050 1 4
16 3262 1 4
;

#costos de transporte
param c[*,*]
: 1000 1 2 3 4 5 6 7 8 9 10 11 12 13 14 15 16 :=
1000 0 50 55 50 74 50 64 76 76 40 42 72 73 44 45 40 46
1 50 0 7 4 30 3 17 32 32 10 8 28 29 6 5 10 4
2 55 7 0 5 25 5 12 27 27 14 13 23 24 10 9 14 9
3 50 4 5 0 27 0 14 29 29 10 8 25 26 6 5 10 4
4 74 30 25 27 0 27 12 22 22 36 35 18 19 32 32 36 31
5 50 3 5 0 27 0 15 29 29 9 8 25 26 5 4 9 4
6 64 17 12 14 12 15 0 15 15 24 23 11 11 20 19 24 18
7 76 32 27 29 22 29 15 0 0 39 37 12 12 35 34 39 33
8 76 32 27 29 22 29 15 0 0 39 37 12 12 35 34 39 33
9 40 10 14 10 36 9 24 39 39 0 1 34 35 4 5 0 6
10 42 8 13 8 35 8 23 37 37 1 0 33 34 3 4 1 4
11 72 28 23 25 18 25 11 12 12 34 33 0 1 31 30 34 29
12 73 29 24 26 19 26 11 12 12 35 34 1 0 31 30 35 30
13 44 6 10 6 32 5 20 35 35 4 3 31 31 0 1 4 2
14 45 5 9 5 32 4 19 34 34 5 4 30 30 1 0 5 1
15 40 10 14 10 36 9 24 39 39 0 1 34 35 4 5 0 6
16 46 4 9 4 31 4 18 33 33 6 4 29 30 2 1 6 0
;
