#nodos de la red - 1000 es el nodo origen
set Nodos:= 1000 1 2 3 4 5 6 7 8 9 10 11 12 13 14 15 16 17 18 19;

#predios productores
set I:= 1 2 3 4 5 6 7 8 9 10 11 12 13 14 15 16 17 18 19;

#camiones disponibles
set K:= 1 2 3 4;

#capacidades de camiones
param Q:=
1 30000
2 30000
3 30000
4 30000
;

#demanda por tipo de leche
param D:=
96428
8181
0
;

#ingreso por tipo de leche
param V:=
0.015
0.0105
0.0045
;

#cotas de tipo de leche
param U:=
5
10
300
;

#produccion de cada predio
param qu :=
1000 0
1 3565 2 9
2 25018 1 4
3 8419 1 4
4 10002 1 4
5 9238 1 4
6 5363 1 4
7 5477 1 4
8 1523 1 4
9 1480 2 9
10 3804 1 4
11 4811 1 4
12 536 2 9
13 1961 2 9
14 5813 1 4
15 639 2 9
16 7395 1 4
17 4643 1 4
18 569 1 4
19 4353 1 4
;

#costos de transporte
param c[*,*]
: 1000 1 2 3 4 5 6 7 8 9 10 11 12 13 14 15 16 17 18 19 :=
1000 0 94 94 100 100 70 56 56 47 73 73 48 56 62 48 71 63 67 67 67
1 94 0 1 6 6 49 61 61 65 54 54 75 52 57 120 57 56 28 60 60
2 94 1 0 7 7 48 60 60 64 53 53 74 51 57 119 56 56 27 59 59
3 100 6 7 0 0 55 67 67 71 60 60 81 58 63 126 62 62 34 66 66
4 100 6 7 0 0 55 67 67 71 60 60 81 58 63 126 62 62 34 66 66
5 70 49 48 55 55 0 34 34 35 26 26 32 24 30 96 27 7 28 23 23
6 56 61 60 67 67 34 0 0 10 45 45 20 9 11 82 42 26 33 39 39
7 56 61 60 67 67 34 0 0 10 45 45 20 9 11 82 42 26 33 39 39
8 47 65 64 71 71 35 10 10 0 35 35 10 13 15 73 33 30 37 29 29
9 73 54 53 60 60 26 45 45 35 0 0 33 46 50 99 3 29 36 6 6
10 73 54 53 60 60 26 45 45 35 0 0 33 46 50 99 3 29 36 6 6
11 48 75 74 81 81 32 20 20 10 33 33 0 23 25 74 30 30 47 27 27
12 56 52 51 58 58 24 9 9 13 46 46 23 0 6 82 43 17 24 40 40
13 62 57 57 63 63 30 11 11 15 50 50 25 6 0 87 48 23 29 44 44
14 59 61 60 67 67 19 30 30 21 33 33 19 21 27 84 31 11 33 27 27
15 71 57 56 62 62 27 42 42 33 3 3 30 43 48 97 0 26 39 3 3
16 63 56 56 62 62 7 26 26 30 29 29 30 17 23 89 26 0 28 23 23
17 67 28 27 34 34 28 33 33 37 36 36 47 24 29 93 39 28 0 42 42
18 67 60 59 66 66 23 39 39 29 6 6 27 40 44 93 3 23 42 0 0
19 67 60 59 66 66 23 39 39 29 6 6 27 40 44 93 3 23 42 0 0
;
