#nodos de la red - 1000 es el nodo origen
set Nodos:= 1000 1 2 3 4 5 6 7 8 9 10;

#predios productores
set I:= 1 2 3 4 5 6 7 8 9 10;

#camiones disponibles
set K:= 1 2 3;

#capacidades de camiones
param Q:=
1 30000
2 30000
3 30000
;

#demanda por tipo de leche
param D:=
51833
7330
0
;

#ingreso por tipo de leche
param V:=
0.015
0.0105
0.0045
;

#cotas de tipo de leche
param U:=
5
10
300
;

#produccion de cada predio
param qu :=
1000 0
1 1070 2 9
2 11270 1 4
3 9978 1 4
4 1676 1 4
5 7612 1 4
6 7350 1 4
7 8313 1 4
8 4041 2 9
9 2219 2 9
10 5634 1 4
;

#costos de transporte
param c[*,*]
: 1000 1 2 3 4 5 6 7 8 9 10 :=
1000 0 34 32 20 24 25 25 39 63 21 32
1 34 0 13 16 14 12 12 5 30 13 5
2 32 13 0 14 12 8 8 18 41 11 8
3 20 16 14 0 6 7 7 21 45 3 14
4 24 14 12 6 0 5 5 19 43 4 12
5 25 12 8 7 5 0 0 17 42 5 10
6 25 12 8 7 5 0 0 17 42 5 10
7 39 5 18 21 19 17 17 0 26 18 10
8 63 30 41 45 43 42 42 26 0 43 34
9 21 13 11 3 4 5 5 18 43 0 11
10 32 5 8 14 12 10 10 10 34 11 0
;
