#nodos de la red - 1000 es el nodo origen
set Nodos:= 1000 1 2 3 4 5 6 7 8 9 10 11 12 13 14 15 16 17 18 19 20 21;

#predios productores
set I:= 1 2 3 4 5 6 7 8 9 10 11 12 13 14 15 16 17 18 19 20 21;

#camiones disponibles
set K:= 1 2 3 4;

#capacidades de camiones
param Q:=
1 30000
2 30000
3 30000
4 30000
;

#demanda por tipo de leche
param D:=
102530
785
0
;

#ingreso por tipo de leche
param V:=
0.015
0.0105
0.0045
;

#cotas de tipo de leche
param U:=
5
10
300
;

#produccion de cada predio
param qu :=
1000 0
1 5294 1 4
2 18627 1 4
3 14846 1 4
4 8857 1 4
5 388 1 4
6 4491 1 4
7 5631 1 4
8 299 2 9
9 11292 1 4
10 6126 1 4
11 5212 1 4
12 9318 1 4
13 4090 1 4
14 3423 1 4
15 325 2 9
16 889 1 4
17 311 1 4
18 589 1 4
19 1911 1 4
20 1235 1 4
21 161 2 9
;

#costos de transporte
param c[*,*]
: 1000 1 2 3 4 5 6 7 8 9 10 11 12 13 14 15 16 17 18 19 20 21 :=
1000 0 73 73 75 82 57 69 69 53 62 64 59 62 54 57 56 60 57 54 53 53 53
1 73 0 0 26 40 16 20 20 20 20 9 18 11 29 35 17 30 16 31 28 28 31
2 73 0 0 26 40 16 20 20 20 20 9 18 11 29 35 17 30 16 31 28 28 31
3 75 26 26 0 42 18 6 6 21 22 17 20 15 31 37 19 32 18 33 30 30 32
4 82 40 40 42 0 25 36 36 28 20 31 22 30 37 30 26 25 24 39 36 36 39
5 57 16 16 18 25 0 12 12 3 5 7 2 6 12 19 1 14 1 15 12 12 14
6 69 20 20 6 36 12 0 0 15 16 11 13 9 24 30 13 25 11 26 23 23 26
7 69 20 20 6 36 12 0 0 15 16 11 13 9 24 30 13 25 11 26 23 23 26
8 53 20 20 21 28 3 15 15 0 8 11 6 9 9 23 2 18 4 11 8 8 11
9 62 20 20 22 20 5 16 16 8 0 12 2 10 17 15 6 10 4 19 17 17 19
10 64 9 9 17 31 7 11 11 11 12 0 9 2 20 26 9 21 7 22 19 19 22
11 59 18 18 20 22 2 13 13 6 2 9 0 7 15 17 3 12 2 17 14 14 17
12 62 11 11 15 30 6 9 9 9 10 2 7 0 18 24 7 19 5 20 17 17 20
13 54 29 29 31 37 12 24 24 9 17 20 15 18 0 23 11 25 13 3 1 1 3
14 57 35 35 37 30 19 30 30 23 15 26 17 24 23 0 21 5 19 22 22 22 22
15 56 17 17 19 26 1 13 13 2 6 9 3 7 11 21 0 15 2 14 11 11 13
16 60 30 30 32 25 14 25 25 18 10 21 12 19 25 5 15 0 14 25 25 25 24
17 57 16 16 18 24 1 11 11 4 4 7 2 5 13 19 2 14 0 15 12 12 15
18 54 31 31 33 39 15 26 26 11 19 22 17 20 3 22 14 25 15 0 4 4 0
19 53 28 28 30 36 12 23 23 8 17 19 14 17 1 22 11 25 12 4 0 0 3
20 53 28 28 30 36 12 23 23 8 17 19 14 17 1 22 11 25 12 4 0 0 3
21 53 31 31 32 39 14 26 26 11 19 22 17 20 3 22 13 24 15 0 3 3 0
;
