#nodos de la red - 1000 es el nodo origen
set Nodos:= 1000 1 2 3 4 5 6 7 8 9 10 11 12 13 14 15 16 17 18 19 20 21 22 23 24;

#predios productores
set I:= 1 2 3 4 5 6 7 8 9 10 11 12 13 14 15 16 17 18 19 20 21 22 23 24;

#camiones disponibles
set K:= 1 2 3;

#capacidades de camiones
param Q:=
1 30000
2 30000
3 30000
;

#demanda por tipo de leche
param D:=
64261
20295
2403
;

#ingreso por tipo de leche
param V:=
0.015
0.0105
0.0045
;

#cotas de tipo de leche
param U:=
5
10
300
;

#produccion de cada predio
param qu :=
1000 0
1 8231 1 4
2 5100 1 4
3 2961 2 9
4 2070 2 9
5 4772 1 4
6 6971 1 4
7 7468 1 4
8 6857 2 9
9 4466 2 9
10 622 2 9
11 2018 1 4
12 82 1 4
13 1574 1 4
14 1484 2 9
15 1046 2 9
16 2403 3 15
17 883 1 4
18 7773 1 4
19 4542 1 4
20 3229 1 4
21 5565 1 4
22 4077 1 4
23 789 2 9
24 1976 1 4
;

#costos de transporte
param c[*,*]
: 1000 1 2 3 4 5 6 7 8 9 10 11 12 13 14 15 16 17 18 19 20 21 22 23 24 :=
1000 0 60 65 60 57 59 53 36 57 57 55 54 54 58 58 63 51 64 53 63 59 59 61 63 62
1 60 0 7 3 5 0 8 69 3 2 10 11 11 7 7 5 10 7 10 15 6 6 13 5 5
2 65 7 0 5 10 7 13 74 8 8 17 17 17 15 15 2 16 12 16 21 14 14 19 11 10
3 60 3 5 0 5 2 8 70 3 3 12 12 12 10 10 3 11 7 11 18 9 9 16 6 5
4 57 5 10 5 0 4 3 66 3 3 7 7 7 10 10 8 5 10 6 15 11 11 13 8 8
5 59 0 7 2 4 0 8 69 2 2 11 11 11 8 8 5 10 6 10 15 7 7 13 5 4
6 53 8 13 8 3 8 0 63 6 6 4 4 4 7 7 11 2 13 2 12 8 8 10 11 11
7 36 69 74 70 66 69 63 0 66 67 64 64 64 67 67 72 61 74 63 72 69 69 70 72 72
8 57 3 8 3 3 2 6 66 0 0 10 9 9 10 10 6 8 7 8 18 9 9 16 6 5
9 57 2 8 3 3 2 6 67 0 0 10 9 9 10 10 5 8 7 8 17 8 8 15 6 5
10 55 10 17 12 7 11 4 64 10 10 0 0 0 3 3 15 4 17 2 8 4 4 6 15 15
11 54 11 17 12 7 11 4 64 9 9 0 0 0 4 4 15 3 16 1 9 5 5 7 15 14
12 54 11 17 12 7 11 4 64 9 9 0 0 0 4 4 15 3 16 1 9 5 5 7 15 14
13 58 7 15 10 10 8 7 67 10 10 3 4 4 0 0 12 7 14 5 8 1 1 6 13 12
14 58 7 15 10 10 8 7 67 10 10 3 4 4 0 0 12 7 14 5 8 1 1 6 13 12
15 63 5 2 3 8 5 11 72 6 5 15 15 15 12 12 0 13 10 13 19 11 11 17 8 8
16 51 10 16 11 5 10 2 61 8 8 4 3 3 7 7 13 0 15 2 12 8 8 10 14 13
17 64 7 12 7 10 6 13 74 7 7 17 16 16 14 14 10 15 0 15 22 13 13 20 1 2
18 53 10 16 11 6 10 2 63 8 8 2 1 1 5 5 13 2 15 0 10 6 6 8 14 13
19 63 15 21 18 15 15 12 72 18 17 8 9 9 8 8 19 12 22 10 0 9 9 2 20 20
20 59 6 14 9 11 7 8 69 9 8 4 5 5 1 1 11 8 13 6 9 0 0 7 12 11
21 59 6 14 9 11 7 8 69 9 8 4 5 5 1 1 11 8 13 6 9 0 0 7 12 11
22 61 13 19 16 13 13 10 70 16 15 6 7 7 6 6 17 10 20 8 2 7 7 0 18 18
23 63 5 11 6 8 5 11 72 6 6 15 15 15 13 13 8 14 1 14 20 12 12 18 0 1
24 62 5 10 5 8 4 11 72 5 5 15 14 14 12 12 8 13 2 13 20 11 11 18 1 0
;
