#nodos de la red - 1000 es el nodo origen
set Nodos:= 1000 1 2 3 4 5 6 7 8 9 10 11 12 13 14 15 16 17 18 19 20 21 22 23;

#predios productores
set I:= 1 2 3 4 5 6 7 8 9 10 11 12 13 14 15 16 17 18 19 20 21 22 23;

#camiones disponibles
set K:= 1 2;

#capacidades de camiones
param Q:=
1 30000
2 30000
;

#demanda por tipo de leche
param D:=
43706
6426
5014
;

#ingreso por tipo de leche
param V:=
0.015
0.0105
0.0045
;

#cotas de tipo de leche
param U:=
5
10
300
;

#produccion de cada predio
param qu :=
1000 0
1 3918 1 4
2 13296 1 4
3 87 2 9
4 1428 1 4
5 205 2 9
6 2185 1 4
7 324 2 9
8 362 2 9
9 1972 1 4
10 4861 1 4
11 2354 2 9
12 1407 1 4
13 2634 2 9
14 3595 1 4
15 539 1 4
16 791 3 15
17 209 1 4
18 879 3 15
19 600 3 15
20 2744 3 15
21 460 2 9
22 9998 1 4
23 298 1 4
;

#costos de transporte
param c[*,*]
: 1000 1 2 3 4 5 6 7 8 9 10 11 12 13 14 15 16 17 18 19 20 21 22 23 :=
1000 0 57 46 60 44 58 56 66 47 61 42 62 47 47 56 45 69 65 62 56 42 46 46 43
1 57 0 18 3 18 88 1 9 21 91 15 92 16 17 1 11 12 9 5 0 16 11 20 18
2 46 18 0 21 7 78 17 27 11 80 3 82 2 1 17 7 30 26 23 17 5 7 10 7
3 60 3 21 0 21 92 4 6 25 94 18 96 19 20 4 14 9 6 2 3 19 14 24 21
4 44 18 7 21 0 75 18 27 3 78 4 79 9 8 18 7 30 27 23 18 2 7 2 1
5 58 88 78 92 75 0 88 97 79 3 74 7 79 78 88 77 100 97 94 88 73 77 78 75
6 56 1 17 4 18 88 0 10 21 90 14 92 15 16 0 11 13 10 6 1 16 10 20 17
7 66 9 27 6 27 97 10 0 31 100 24 102 25 26 10 20 4 1 4 9 25 20 30 27
8 47 21 11 25 3 79 21 31 0 82 7 83 12 11 21 10 34 30 27 21 5 10 1 4
9 61 91 80 94 78 3 90 100 82 0 77 9 82 81 91 80 103 100 96 91 76 80 80 78
10 42 15 3 18 4 74 14 24 7 77 0 78 5 4 14 4 27 24 20 15 2 4 6 3
11 62 92 82 96 79 7 92 102 83 9 78 0 83 82 92 81 104 101 98 92 78 81 82 79
12 47 16 2 19 9 79 15 25 12 82 5 83 0 1 15 8 28 25 21 16 7 9 11 8
13 47 17 1 20 8 78 16 26 11 81 4 82 1 0 16 8 29 26 22 17 6 8 10 8
14 56 1 17 4 18 88 0 10 21 91 14 92 15 16 0 11 13 9 6 0 16 10 20 17
15 45 11 7 14 7 77 11 20 10 80 4 81 8 8 11 0 23 20 16 11 5 0 9 6
16 69 12 30 9 30 100 13 4 34 103 27 104 28 29 13 23 0 3 7 12 28 23 32 30
17 65 9 26 6 27 97 10 1 30 100 24 101 25 26 9 20 3 0 4 9 25 20 29 26
18 62 5 23 2 23 94 6 4 27 96 20 98 21 22 6 16 7 4 0 5 22 16 26 23
19 56 0 17 3 18 88 1 9 21 91 15 92 16 17 0 11 12 9 5 0 16 11 20 17
20 42 16 5 19 2 73 16 25 5 76 2 78 7 6 16 5 28 25 22 16 0 5 4 1
21 46 11 7 14 7 77 10 20 10 80 4 81 9 8 10 0 23 20 16 11 5 0 9 7
22 46 20 10 24 2 78 20 30 1 80 6 82 11 10 20 9 32 29 26 20 4 9 0 3
23 43 18 7 21 1 75 17 27 4 78 3 79 8 8 17 6 30 26 23 17 1 7 3 0
;
