#nodos de la red - 1000 es el nodo origen
set Nodos:= 1000 1 2 3 4 5 6 7 8 9 10;

#predios productores
set I:= 1 2 3 4 5 6 7 8 9 10;

#camiones disponibles
set K:= 1 2;

#capacidades de camiones
param Q:=
1 30000
2 30000
;

#demanda por tipo de leche
param D:=
47936
1536
868
;

#ingreso por tipo de leche
param V:=
0.015
0.0105
0.0045
;

#cotas de tipo de leche
param U:=
5
10
300
;

#produccion de cada predio
param qu :=
1000 0
1 3233 1 4
2 868 3 15
3 4751 1 4
4 6345 1 4
5 13061 1 4
6 1106 2 9
7 5019 1 4
8 3463 1 4
9 430 2 9
10 12064 1 4
;

#costos de transporte
param c[*,*]
: 1000 1 2 3 4 5 6 7 8 9 10 :=
1000 0 19 23 53 19 22 15 18 18 23 22
1 19 0 5 40 0 3 4 1 1 4 7
2 23 5 0 45 6 3 9 6 6 2 1
3 53 40 45 0 39 43 37 39 39 43 46
4 19 0 6 39 0 3 4 1 1 4 7
5 22 3 3 43 3 0 7 4 4 1 4
6 15 4 9 37 4 7 0 3 3 8 11
7 18 1 6 39 1 4 3 0 0 5 8
8 18 1 6 39 1 4 3 0 0 5 8
9 23 4 2 43 4 1 8 5 5 0 3
10 22 7 1 46 7 4 11 8 8 3 0
;
