#nodos de la red - 1000 es el nodo origen
set Nodos:= 1000 1 2 3 4 5 6 7 8 9 10 11 12 13 14 15 16 17 18 19 20 21 22 23 24 25 26 27 28 29 30 31;

#predios productores
set I:= 1 2 3 4 5 6 7 8 9 10 11 12 13 14 15 16 17 18 19 20 21 22 23 24 25 26 27 28 29 30 31;

#camiones disponibles
set K:= 1 2 3;

#capacidades de camiones
param Q:=
1 20000
2 15000
3 10000
;

#demanda por tipo de leche
param D:=
17200
9000
14800
;

#ingreso por tipo de leche
param V:=
1.0
0.7
0.3
;

#cotas de tipo de leche
param U:=
5
10
300
;

#produccion de cada predio
param qu :=
1000 0
1 1900 1 3
2 2100 2 10
3 600 3 20
4 1900 1 2
5 700 2 8
6 1200 3 11
7 1600 1 2
8 600 2 7
9 1600 3 20
10 800 1 5
11 1400 2 8
12 2100 3 17
13 1600 1 2
14 300 2 7
15 2200 3 18
16 1800 1 2
17 1900 2 10
18 100 3 14
19 2400 1 3
20 800 2 8
21 1200 3 20
22 400 1 1
23 800 2 7
24 2400 3 20
25 2400 1 4
26 200 2 10
27 2000 3 16
28 1500 1 2
29 200 2 6
30 1400 3 12
31 900 1 2
;

#costos de transporte
param c[*,*]
: 1000 1 2 3 4 5 6 7 8 9 10 11 12 13 14 15 16 17 18 19 20 21 22 23 24 25 26 27 28 29 30 31 :=
1000 0 35 78 76 98 55 52 37 86 88 79 101 29 51 27 82 26 75 77 74 36 64 84 78 25 76 21 26 85 62 16 73
1 35 0 60 59 91 81 40 13 84 94 100 97 8 22 38 97 11 42 78 41 67 30 91 64 39 102 19 46 79 80 19 39
2 78 60 0 3 37 87 26 48 41 59 90 45 67 39 55 77 60 41 41 43 88 49 58 9 58 101 58 64 29 72 65 48
3 76 59 3 0 36 83 24 47 38 56 87 44 66 39 52 75 58 42 38 44 85 49 56 7 55 98 56 62 27 68 63 49
4 98 91 37 36 0 84 51 78 17 34 76 9 96 73 71 59 87 78 26 80 94 85 36 29 73 90 82 76 13 63 89 85
5 55 81 87 83 84 0 66 74 67 57 27 83 78 84 44 37 70 107 58 107 21 102 53 81 42 22 61 34 74 21 63 109
6 52 40 26 24 51 66 0 28 44 57 76 57 46 26 29 67 37 43 39 44 64 43 54 26 32 83 33 39 38 55 40 47
7 37 13 48 47 78 74 28 0 72 82 92 84 19 14 30 87 13 38 65 37 64 29 79 52 33 95 16 40 66 71 21 37
8 86 84 41 38 17 67 44 72 0 19 59 17 89 70 59 43 79 80 9 82 78 85 20 32 60 73 73 62 13 46 80 86
9 88 94 59 56 34 57 57 82 19 0 43 29 97 83 62 26 87 96 18 98 72 99 4 50 63 58 80 63 32 36 86 102
10 79 100 90 87 76 27 76 92 59 43 0 72 100 99 62 17 90 119 52 120 48 117 40 83 61 16 82 56 70 21 85 122
11 101 97 45 44 9 83 57 84 17 29 72 0 102 80 74 55 93 86 26 88 94 93 32 37 76 87 87 79 19 62 94 93
12 29 8 67 66 96 78 46 19 89 97 100 102 0 30 38 98 10 50 81 49 63 38 94 71 38 100 18 44 84 80 15 47
13 51 22 39 39 73 84 26 14 70 83 99 80 30 0 41 92 26 24 65 24 76 18 81 45 44 104 30 52 62 78 35 24
14 27 38 55 52 71 44 29 30 59 62 62 74 38 41 0 60 28 64 50 64 36 58 59 53 3 64 19 11 58 42 24 65
15 82 97 77 75 59 37 67 87 43 26 17 55 98 92 60 0 88 110 38 111 56 110 23 69 60 33 80 56 55 20 84 114
16 26 11 60 58 87 70 37 13 79 87 90 93 10 26 28 88 0 49 72 48 57 38 83 62 29 91 9 36 74 71 9 47
17 75 42 41 42 78 107 43 38 80 96 119 86 50 24 64 110 49 0 78 2 100 14 95 49 67 125 54 75 69 98 58 8
18 77 78 41 38 26 58 39 65 9 18 52 26 81 65 50 38 72 78 0 79 68 81 17 33 52 66 65 53 17 38 72 83
19 74 41 43 44 80 107 44 37 82 98 120 88 49 24 64 111 48 2 79 0 100 12 96 51 67 126 54 75 71 99 58 5
20 36 67 88 85 94 21 64 64 78 72 48 94 63 76 36 56 57 100 68 100 0 92 68 84 33 41 48 25 83 38 48 100
21 64 30 49 49 85 102 43 29 85 99 117 93 38 18 58 110 38 14 81 12 92 0 97 56 61 122 45 69 75 96 48 9
22 84 91 58 56 36 53 54 79 20 4 40 32 94 81 59 23 83 95 17 96 68 97 0 50 59 55 76 59 32 32 82 100
23 78 64 9 7 29 81 26 52 32 50 83 37 71 45 53 69 62 49 33 51 84 56 50 0 56 94 60 62 20 65 67 56
24 25 39 58 55 73 42 32 33 60 63 61 76 38 44 3 60 29 67 52 67 33 61 59 56 0 63 20 8 60 42 24 68
25 76 102 101 98 90 22 83 95 73 58 16 87 100 104 64 33 91 125 66 126 41 122 55 94 63 0 82 56 83 29 85 128
26 21 19 58 56 82 61 33 16 73 80 82 87 18 30 19 80 9 54 65 54 48 45 76 60 20 82 0 27 70 62 7 53
27 26 46 64 62 76 34 39 40 62 63 56 79 44 52 11 56 36 75 53 75 25 69 59 62 8 56 27 0 64 37 29 76
28 85 79 29 27 13 74 38 66 13 32 70 19 84 62 58 55 74 69 17 71 83 75 32 20 60 83 70 64 0 55 77 76
29 62 80 72 68 63 21 55 71 46 36 21 62 80 78 42 20 71 98 38 99 38 96 32 65 42 29 62 37 55 0 66 102
30 16 19 65 63 89 63 40 21 80 86 85 94 15 35 24 84 9 58 72 58 48 48 82 67 24 85 7 29 77 66 0 57
31 73 39 48 49 85 109 47 37 86 102 122 93 47 24 65 114 47 8 83 5 100 9 100 56 68 128 53 76 76 102 57 0
;
