#nodos de la red - 1000 es el nodo origen
set Nodos:= 1000 1 2 3 4 5 6 7 8 9 10 11 12 13 14 15 16 17 18 19 20 21;

#predios productores
set I:= 1 2 3 4 5 6 7 8 9 10 11 12 13 14 15 16 17 18 19 20 21;

#camiones disponibles
set K:= 1 2 3;

#capacidades de camiones
param Q:=
1 20000
2 15000
3 10000
;

#demanda por tipo de leche
param D:=
12300	
7700	
2500

;

#ingreso por tipo de leche
param V:=
1.0
0.7
0.3
;

#cotas de tipo de leche
param U:=
5
10
300
;

#produccion de cada predio
param qu :=
1000 0
1	1100	1	4
2	700	1	2
3	800	1	5
4	1400	1	5
5	2100	1	4
6	400	1	2
7	800	1	2
8	100	1	3
9	500	1	4
10	600	1	4
11	1200	1	2
12	1300	1	1
13	1300	1	4
14	300	2	8
15	900	2	7
16	2100	2	8
17	1000	2	10
18	900	2	10
19	2500	2	7
20	1800	3	18
21	700	3	19

;

#costos de transporte
param c[*,*]
: 1000 1 2 3 4 5 6 7 8 9 10 11 12 13 14 15 16 17 18 19 20 21 :=
1000 0 49 48 42 41 37 31 31 24 28 17 23 11 16 7 20 10 22 29 31 32 34
1 49 0 9 23 26 21 19 24 27 30 32 40 47 55 56 57 59 71 72 78 79 83
2 48 9 0 30 32 15 20 19 28 25 31 43 44 56 55 53 58 69 68 78 76 81
3 42 23 30 0 3 34 18 33 19 38 28 23 45 40 49 57 49 63 70 65 73 73
4 41 26 32 3 0 35 19 34 19 38 28 21 45 38 48 57 48 62 69 63 72 71
5 37 21 15 34 35 0 17 5 22 11 21 38 31 47 43 39 47 56 54 67 63 69
6 31 19 20 18 19 17 0 16 8 20 14 23 31 36 38 42 40 53 56 59 62 64
7 31 24 19 33 34 5 16 0 19 6 16 35 25 43 37 34 41 51 49 62 57 64
8 24 27 28 19 19 22 8 19 0 21 9 16 26 28 31 38 33 46 51 52 56 57
9 28 30 25 38 38 11 20 6 21 0 16 35 20 40 33 28 37 46 43 58 52 59
10 17 32 31 28 28 21 14 16 9 16 0 20 17 26 24 29 27 39 42 47 48 51
11 23 40 43 23 21 38 23 35 16 35 20 0 31 17 29 43 28 42 52 42 53 50
12 11 47 44 45 45 31 31 25 26 20 17 31 0 27 13 12 19 26 25 39 32 39
13 16 55 56 40 38 47 36 43 28 40 26 17 27 0 18 36 14 28 41 25 39 34
14 7 56 55 49 48 43 38 37 31 33 24 29 13 18 0 18 5 15 23 25 25 27
15 20 57 53 57 57 39 42 34 38 28 29 43 12 36 18 0 23 23 15 40 25 36
16 10 59 58 49 48 47 40 41 33 37 27 28 19 14 5 23 0 14 26 21 25 24
17 22 71 69 63 62 56 53 51 46 46 39 42 26 28 15 23 14 0 17 18 11 14
18 29 72 68 70 69 54 56 49 51 43 42 52 25 41 23 15 26 17 0 35 12 27
19 31 78 78 65 63 67 59 62 52 58 47 42 39 25 25 40 21 18 35 0 26 12
20 32 79 76 73 72 63 62 57 56 52 48 53 32 39 25 25 25 11 12 26 0 16
21 34 83 81 73 71 69 64 64 57 59 51 50 39 34 27 36 24 14 27 12 16 0
;