#nodos de la red - 1000 es el nodo origen
set Nodos:= 1000 1 2 3 4 5 6 7 8 9 10 11 12 13 14 15 16 17;

#predios productores
set I:= 1 2 3 4 5 6 7 8 9 10 11 12 13 14 15 16 17;

#camiones disponibles
set K:= 1;

#capacidades de camiones
param Q:=
1 30000
;

#demanda por tipo de leche
param D:=
12893
13646
1401
;

#ingreso por tipo de leche
param V:=
0.015
0.0105
0.0045
;

#cotas de tipo de leche
param U:=
5
10
300
;

#produccion de cada predio
param qu :=
1000 0
1 1401 3 15
2 802 2 9
3 840 2 9
4 735 1 4
5 743 1 4
6 2094 1 4
7 2795 2 9
8 2508 2 9
9 1476 2 9
10 6296 1 4
11 1155 2 9
12 398 2 9
13 397 2 9
14 2169 1 4
15 1514 2 9
16 1761 2 9
17 856 1 4
;

#costos de transporte
param c[*,*]
: 1000 1 2 3 4 5 6 7 8 9 10 11 12 13 14 15 16 17 :=
1000 0 62 63 69 70 71 64 59 65 56 61 58 57 69 63 56 70 63
1 62 0 2 11 12 10 13 8 4 7 3 4 5 7 12 7 8 5
2 63 2 0 14 11 12 14 8 2 7 4 5 6 10 13 8 10 6
3 69 11 14 0 23 2 5 11 16 13 14 14 13 4 6 14 4 16
4 70 12 11 23 0 21 21 15 10 14 11 12 13 18 19 15 19 7
5 71 10 12 2 21 0 7 12 14 15 13 13 15 3 8 15 2 14
6 64 13 14 5 21 7 0 5 15 8 11 9 8 10 1 8 9 13
7 59 8 8 11 15 12 5 0 10 3 6 4 2 15 4 3 14 8
8 65 4 2 16 10 14 15 10 0 9 5 6 8 11 14 9 12 7
9 56 7 7 13 14 15 8 3 9 0 5 3 1 14 7 0 14 7
10 61 3 4 14 11 13 11 6 5 5 0 2 4 10 10 5 11 3
11 58 4 5 14 12 13 9 4 6 3 2 0 1 11 8 3 12 4
12 57 5 6 13 13 15 8 2 8 1 4 1 0 12 7 2 13 5
13 69 7 10 4 18 3 10 15 11 14 10 11 12 0 11 14 1 12
14 63 12 13 6 19 8 1 4 14 7 10 8 7 11 0 7 10 12
15 56 7 8 14 15 15 8 3 9 0 5 3 2 14 7 0 15 7
16 70 8 10 4 19 2 9 14 12 14 11 12 13 1 10 15 0 13
17 63 5 6 16 7 14 13 8 7 7 3 4 5 12 12 7 13 0
;
