#nodos de la red - 1000 es el nodo origen
set Nodos:= 1000 1 2 3 4 5 6 7 8 9 10 11 12 13 14 15 16 17 18 19 20;

#predios productores
set I:= 1 2 3 4 5 6 7 8 9 10 11 12 13 14 15 16 17 18 19 20;

#camiones disponibles
set K:= 1 2 3;

#capacidades de camiones
param Q:=
1 30000
2 30000
3 30000
;

#demanda por tipo de leche
param D:=
74334
9167
0
;

#ingreso por tipo de leche
param V:=
0.015
0.0105
0.0045
;

#cotas de tipo de leche
param U:=
5
10
300
;

#produccion de cada predio
param qu :=
1000 0
1 7777 1 4
2 7541 1 4
3 5305 1 4
4 9391 1 4
5 8751 1 4
6 7026 1 4
7 18143 1 4
8 132 1 4
9 1478 2 9
10 3371 2 9
11 3370 2 9
12 205 2 9
13 57 2 9
14 686 2 9
15 2182 1 4
16 1492 1 4
17 879 1 4
18 1742 1 4
19 3419 1 4
20 554 1 4
;

#costos de transporte
param c[*,*]
: 1000 1 2 3 4 5 6 7 8 9 10 11 12 13 14 15 16 17 18 19 20 :=
1000 0 142 64 66 65 64 64 72 70 83 54 54 74 74 56 57 52 49 60 61 76
1 142 0 183 186 184 183 183 191 190 200 174 174 194 194 176 177 172 168 180 181 192
2 64 183 0 3 1 0 0 8 7 65 9 9 11 11 7 6 12 15 3 3 58
3 66 186 3 0 1 3 3 6 4 68 12 12 8 8 10 9 14 17 6 5 60
4 65 184 1 1 0 1 1 7 6 66 10 10 10 10 8 7 13 16 4 4 59
5 64 183 0 3 1 0 0 8 7 65 9 9 11 11 7 6 12 15 3 3 58
6 64 183 0 3 1 0 0 8 7 65 9 9 11 11 7 6 12 15 3 3 58
7 72 191 8 6 7 8 8 0 1 73 17 17 3 3 15 14 20 23 11 11 66
8 70 190 7 4 6 7 7 1 0 72 16 16 4 4 14 13 19 22 10 9 65
9 83 200 65 68 66 65 65 73 72 0 56 56 76 76 58 59 54 50 62 63 8
10 54 174 9 12 10 9 9 17 16 56 0 0 20 20 2 3 3 6 6 7 48
11 54 174 9 12 10 9 9 17 16 56 0 0 20 20 2 3 3 6 6 7 48
12 74 194 11 8 10 11 11 3 4 76 20 20 0 0 18 17 23 26 14 13 68
13 74 194 11 8 10 11 11 3 4 76 20 20 0 0 18 17 23 26 14 13 68
14 56 176 7 10 8 7 7 15 14 58 2 2 18 18 0 1 5 8 4 4 51
15 57 177 6 9 7 6 6 14 13 59 3 3 17 17 1 0 6 9 3 3 52
16 52 172 12 14 13 12 12 20 19 54 3 3 23 23 5 6 0 3 8 9 46
17 49 168 15 17 16 15 15 23 22 50 6 6 26 26 8 9 3 0 12 12 43
18 60 180 3 6 4 3 3 11 10 62 6 6 14 14 4 3 8 12 0 1 54
19 61 181 3 5 4 3 3 11 9 63 7 7 13 13 4 3 9 12 1 0 55
20 76 192 58 60 59 58 58 66 65 8 48 48 68 68 51 52 46 43 54 55 0
;
