#nodos de la red - 1000 es el nodo origen
set Nodos:= 1000 1 2 3 4 5 6 7 8 9 10 11 12 13 14 15 16 17 18 19 20 21 22;

#predios productores
set I:= 1 2 3 4 5 6 7 8 9 10 11 12 13 14 15 16 17 18 19 20 21 22;

#camiones disponibles
set K:= 1 2 3;

#capacidades de camiones
param Q:=
1 8000
2 7000
3 6000
;

#demanda por tipo de leche
param D:=
6100
2009
2080
;

#ingreso por tipo de leche
param V:=
1.0
0.7
0.3
;

#cotas de tipo de leche
param U:=
5
10
300
;

#produccion de cada predio
param qu :=
1000 0
1 125 1 5
2 84 2 7
3 60 3 20
4 500 1 2
5 300 2 8
6 175 3 11
7 350 1 3
8 150 2 7
9 1100 3 16
10 4100 1 2
11 225 2 9
12 300 3 15
13 250 1 4
14 500 2 8
15 150 3 13
16 100 1 2
17 250 2 8
18 120 3 18
19 600 1 3
20 500 2 10
21 175 3 13
22 75 1 2
;

#costos de transporte
param c[*,*]
: 1000 1 2 3 4 5 6 7 8 9 10 11 12 13 14 15 16 17 18 19 20 21 22 :=
1000 0 47 42 50 63 64 36 28 45 37 34 22 7 31 49 65 55 64 22 44 50 61 81
1 47 0 15 18 78 77 14 58 66 46 39 34 41 37 44 39 30 59 65 82 71 103 96
2 42 15 0 8 86 85 21 60 71 53 46 36 38 43 29 29 18 44 56 71 57 102 81
3 50 18 8 0 93 93 28 68 79 61 53 44 46 50 28 22 12 41 63 76 59 110 81
4 63 78 86 93 0 4 65 35 18 33 40 51 59 43 106 114 103 123 79 100 113 58 143
5 64 77 85 93 4 0 65 38 20 33 40 51 61 43 107 114 103 123 81 103 115 62 145
6 36 14 21 28 65 65 0 44 52 33 26 20 29 23 47 49 39 64 56 75 69 89 97
7 28 58 60 68 35 38 44 0 18 20 23 24 26 23 75 87 76 91 44 66 78 47 108
8 45 66 71 79 18 20 52 18 0 20 26 35 42 29 90 100 89 106 61 83 95 50 126
9 37 46 53 61 33 33 33 20 20 0 7 19 32 10 75 82 71 91 58 80 86 65 116
10 34 39 46 53 40 40 26 23 26 7 0 13 27 4 68 75 64 85 55 77 81 69 111
11 22 34 36 44 51 51 20 24 35 19 13 0 15 10 55 64 53 72 44 66 68 70 97
12 7 41 38 46 59 61 29 26 42 32 27 15 0 24 49 63 52 65 29 51 55 64 85
13 31 37 43 50 43 43 23 23 29 10 4 10 24 0 64 71 60 81 53 75 78 70 107
14 49 44 29 28 106 107 47 75 90 75 68 55 49 64 0 24 19 17 52 57 34 108 53
15 65 39 29 22 114 114 49 87 100 82 75 64 63 71 24 0 11 28 73 81 57 126 71
16 55 30 18 12 103 103 39 76 89 71 64 53 52 60 19 11 0 30 64 74 53 115 71
17 64 59 44 41 123 123 64 91 106 91 85 72 65 81 17 28 30 0 63 63 35 121 43
18 22 65 56 63 79 81 56 44 61 58 55 44 29 53 52 73 64 63 0 22 38 59 67
19 44 82 71 76 100 103 75 66 83 80 77 66 51 75 57 81 74 63 22 0 29 72 52
20 50 71 57 59 113 115 69 78 95 86 81 68 55 78 34 57 53 35 38 29 0 96 30
21 61 103 102 110 58 62 89 47 50 65 69 70 64 70 108 126 115 121 59 72 96 0 123
22 81 96 81 81 143 145 97 108 126 116 111 97 85 107 53 71 71 43 67 52 30 123 0
;
